This is the result of pass #1:
                                                                                                   
                                             1  1  1                                               
                                                1                                2  2              
                        3                       1                 4           5  2  2              
         6  6        7  3  3           8        1        9        4              2                 
         6  6           3              8  8  8  1  1     9        4  4  4        2                 
               10 10 10 3                       1           11    4           12 2                 
                  10 10 3                    13 1  1           14                2                 
               15       3                 16                      17             2     18          
               15       3                 16                      17             2     18          
               15       3        19 19    16                      17             2     18 18       
               15       3        19 19    16                      17             2     18 18       
               15       3        19 19    16                      17             2                 
               15       3        19 19    16                   20 17             2     21          
               15       3        19 19    16 16             22    17             2     21          
               15       3        19 19    16    23       24       17             2     21          
               15       3        19 19    16    23 23 23          17             2     21 21       
               15       3        19 19    16       23             17             2        21       
               15       3           19 19    25 25 23       26                27 2        21       
               15 15    3           19 19       25    28 28    29                      30 21       
   31 31 31    15       3        32 19                   28    29                      30          
   31 31 31    15             33 32             34          35 29 29       36 36 36    30          
                  37       38 33                34                   39 39       36    30          
                  37          33 33          40 34 34                39 39    41 36    30          
               42 37    43 43 33             40 34 34                39 39 39 39 36    30          
                  37 37                   44 40 34 34 34                39 39    36    30          
                     37                45 44 40 34 34 34 34          46 39       36 36 30          
                  47 37 37          48 45 44 40 34 34 34 34 34                      36             
            49 49          50    51 48 45 44 40 34 34 34 34 34 34                   36             
            49 49             52 51 48 45 44 40 34 34 34 34 34 34 34          53    36             
                                                                              53       54          
                              55       56 56       57 57       58 58          53       54          
            59                55       56 56       57 57       58 58       60 53 53 53 53          
         61 59 59             55 55 55 55 55       57       62 58 58    63    53                   
               59             55 55 55 55 55 55 55 55 55 55 55 55 55 55 55                         
            64 59 59          55 55 55 55 55 55 55 55 55 55 55 55 55                               
            64    59             55          55 55 55                65                            
            64 64 59                                                 65 65                         
         66 64 64 59 59                                        67       65 65                      
            64 64 59                         68 68 68          67             69                   
               64                            68 68 68       70 67 67    71 71 69                   
                                                68    72 72 70 67 67 67 67                         
                                                                                                   
                                                                                                   
This is the EQArray for pass #1:
0
1  2  3  4  2  6  3  1  9  3  11 2  1  14 15 16 17 18 19 17 21 22 23 24 23
26 2  28 29 21 31 19 32 34 29 30 37 33 36 34 39 37 33 40 44 39 37 45 49 50
48 51 53 53 55 55 55 55 59 53 59 55 55 59 65 64 67 68 69 67 67 

This is the result of pass #2:
                                                                                                   
                                             1  1  1                                               
                                                1                                2  2              
                        3                       1                 4           2  2  2              
         6  6        3  3  3           1        1        9        4              2                 
         6  6           3              1  1  1  1  1     9        4  4  4        2                 
               3  3  3  3                       1           11    4           2  2                 
                  3  3  3                    1  1  1           14                2                 
               15       3                 16                      17             2     18          
               15       3                 16                      17             2     18          
               15       3        19 19    16                      17             2     18 18       
               15       3        19 19    16                      17             2     18 18       
               15       3        19 19    16                      17             2                 
               15       3        19 19    16                   17 17             2     21          
               15       3        19 19    16 16             22    17             2     21          
               15       3        19 19    16    23       24       17             2     21          
               15       3        19 19    16    23 23 23          17             2     21 21       
               15       3        19 19    16       23             17             2        21       
               15       3           19 19    23 23 23       26                2  2        21       
               15 15    3           19 19       25    28 28    29                      21 21       
   31 31 31    15       3        19 19                   28    29                      30          
   31 31 31    15             32 32             34          29 29 29       30 30 30    30          
                  37       33 33                34                   30 30       30    30          
                  37          33 33          34 34 34                30 30    30 30    30          
               37 37    33 33 33             34 34 34                30 30 30 30 30    30          
                  37 37                   34 34 34 34 34                39 39    30    30          
                     37                34 34 34 34 34 34 34          39 39       30 30 30          
                  37 37 37          34 34 34 34 34 34 34 34 34                      36             
            49 49          50    34 34 34 34 34 34 34 34 34 34 34                   36             
            49 49             34 34 34 34 34 34 34 34 34 34 34 34 34          53    36             
                                                                              53       53          
                              55       55 55       55 57       55 55          53       53          
            59                55       55 55       55 57       55 55       53 53 53 53 53          
         59 59 59             55 55 55 55 55       55       55 55 55    55    53                   
               59             55 55 55 55 55 55 55 55 55 55 55 55 55 55 55                         
            59 59 59          55 55 55 55 55 55 55 55 55 55 55 55 55                               
            59    59             55          55 55 55                65                            
            59 59 59                                                 65 65                         
         59 59 59 59 59                                        67       65 65                      
            59 59 59                         68 68 68          67             69                   
               64                            68 68 68       67 67 67    67 69 69                   
                                                68    67 67 67 67 67 67 67                         
                                                                                                   
                                                                                                   
This is the EQArray for pass #2:
0
1  2  3  4  2  6  3  1  9  3  11 2  1  14 15 16 17 18 19 17 21 22 23 24 23
26 2  28 29 21 31 19 32 34 29 30 37 33 30 34 39 37 33 40 44 39 37 45 49 50
48 51 53 53 55 55 55 55 59 53 59 55 55 59 65 64 67 68 67 67 67 

This is the EQArray after manageEQAry method: 
0
1  2  3  4  2  5  3  1  6  3  7  2  1  8  9  10 11 12 13 11 14 15 16 17 16
18 2  19 20 14 21 13 13 22 20 14 23 13 14 22 14 23 13 22 22 14 23 22 24 25
22 22 26 26 27 27 27 27 28 26 28 27 27 28 29 28 30 31 30 30 30 

This is the result of pass #3:
                                                                                                   
                                             1  1  1                                               
                                                1                                2  2              
                        3                       1                 4           2  2  2              
         5  5        3  3  3           1        1        6        4              2                 
         5  5           3              1  1  1  1  1     6        4  4  4        2                 
               3  3  3  3                       1           7     4           2  2                 
                  3  3  3                    1  1  1           8                 2                 
               9        3                 10                      11             2     12          
               9        3                 10                      11             2     12          
               9        3        13 13    10                      11             2     12 12       
               9        3        13 13    10                      11             2     12 12       
               9        3        13 13    10                      11             2                 
               9        3        13 13    10                   11 11             2     14          
               9        3        13 13    10 10             15    11             2     14          
               9        3        13 13    10    16       17       11             2     14          
               9        3        13 13    10    16 16 16          11             2     14 14       
               9        3        13 13    10       16             11             2        14       
               9        3           13 13    16 16 16       18                2  2        14       
               9  9     3           13 13       16    19 19    20                      14 14       
   21 21 21    9        3        13 13                   19    20                      14          
   21 21 21    9              13 13             22          20 20 20       14 14 14    14          
                  23       13 13                22                   14 14       14    14          
                  23          13 13          22 22 22                14 14    14 14    14          
               23 23    13 13 13             22 22 22                14 14 14 14 14    14          
                  23 23                   22 22 22 22 22                14 14    14    14          
                     23                22 22 22 22 22 22 22          14 14       14 14 14          
                  23 23 23          22 22 22 22 22 22 22 22 22                      14             
            24 24          25    22 22 22 22 22 22 22 22 22 22 22                   14             
            24 24             22 22 22 22 22 22 22 22 22 22 22 22 22          26    14             
                                                                              26       26          
                              27       27 27       27 27       27 27          26       26          
            28                27       27 27       27 27       27 27       26 26 26 26 26          
         28 28 28             27 27 27 27 27       27       27 27 27    27    26                   
               28             27 27 27 27 27 27 27 27 27 27 27 27 27 27 27                         
            28 28 28          27 27 27 27 27 27 27 27 27 27 27 27 27                               
            28    28             27          27 27 27                29                            
            28 28 28                                                 29 29                         
         28 28 28 28 28                                        30       29 29                      
            28 28 28                         31 31 31          30             30                   
               28                            31 31 31       30 30 30    30 30 30                   
                                                31    30 30 30 30 30 30 30                         
                                                                                                   
                                                                                                   
This is the EQArray for pass #3:
0
1  2  3  4  2  5  3  1  6  3  7  2  1  8  9  10 11 12 13 11 14 15 16 17 16
18 2  19 20 14 21 13 13 22 20 14 23 13 14 22 14 23 13 22 22 14 23 22 24 25
22 22 26 26 27 27 27 27 28 26 28 27 27 28 29 28 30 31 30 30 30 

