42 31 0 1
38
1
30
2 13
10 18

2
60
3 3
19 9

3
2
3 22
4 22

4
2
4 19
5 19

5
17
4 26
18 27

6
1
5 23
5 23

7
1
6 20
6 20

8
1
6 22
6 22

9
1
7 21
7 21

10
11
8 21
17 22

11
3
8 29
10 29

12
35
13 23
29 30

13
5
14 14
17 15

14
1
14 20
14 20

15
9
15 15
19 18

16
1
15 19
15 19

17
1
18 20
18 20

18
3
19 18
20 19

19
2
19 21
20 21

20
138
21 10
36 24

21
1
21 22
21 22

22
10
22 5
27 8

23
2
22 23
22 24

24
3
24 8
24 10

25
1
28 5
28 5

26
1
28 9
28 9

27
11
29 25
33 29

28
1
32 4
32 4

29
2
33 5
34 5

30
2
35 6
36 6

31
1
36 4
36 4

32
1
36 9
36 9

33
5
36 23
38 25

34
10
37 3
40 7

35
1
37 8
37 8

36
12
38 20
41 26

37
7
39 15
41 17

38
2
41 18
41 19

